0
0
0
0
0
0
0
0
0
0
3608
0
0
3608
0
0
0
0
0
0
0
0
0
0
0
0
1
0
0
0
0
0
28900
449
113
0
0
0
0
1761
56
55
60
0
2418
669
977
0
0
0
1
0
0
0
0
0
0
1
233
194
0
0
0
202
0
638
91
144
192
188
74
82
284
733
8
82
98
200
120
176
64
84
140
218
472
66
42
237
4
114
1
2
0
2
0
4
1108
8149
1383
2253
4739
13381
1926
2446
7088
6778
138
1076
4615
1907
6893
7965
1458
125
5293
6277
10212
3402
803
2437
144
2150
77
0
0
0
0
0
0
0
0
0
0
0
0
0
0
0
0
0
0
0
0
0
0
0
0
0
0
0
0
0
0
0
0
0
0
0
0
0
0
0
0
0
0
0
0
0
0
0
0
0
0
0
0
0
0
0
0
0
0
0
0
0
0
0
0
0
0
0
0
0
0
0
0
0
0
0
0
0
0
0
0
0
0
0
0
0
0
0
0
0
0
0
0
0
0
0
0
0
0
0
0
0
0
0
0
0
0
0
0
0
0
0
0
0
0
0
0
0
0
0
0
0
0
0
0
0
0
0
0
0
0
0
0
0
