0
0
0
0
0
0
0
0
0
2895
4122
0
0
0
0
0
0
0
0
0
0
0
0
0
0
0
0
0
0
0
0
0
19359
130
0
0
0
0
5
496
8
8
0
0
1948
159
958
0
0
0
0
0
0
0
0
0
0
0
382
369
0
0
0
292
0
1055
169
407
535
831
120
83
250
1563
93
124
730
136
660
953
84
76
660
717
593
332
105
260
5
139
0
127
0
127
0
0
0
6032
1182
1509
3284
10380
1744
1352
5653
4943
43
720
3715
2392
5363
7375
1066
72
5155
5157
7509
3036
937
1992
107
2352
30
0
14
0
0
0
0
0
0
0
0
0
0
0
0
0
0
0
0
0
0
0
0
0
0
0
0
0
0
0
0
0
0
0
0
0
0
0
0
0
0
0
0
0
0
0
0
0
0
0
0
0
0
0
0
0
0
0
0
0
0
0
0
0
0
0
0
0
0
0
0
0
0
0
0
0
0
0
0
0
0
0
0
0
0
0
0
0
0
0
0
0
0
0
0
0
0
0
0
0
0
0
0
0
0
0
0
0
0
0
0
0
0
0
0
0
0
0
0
0
0
0
0
0
0
0
0
0
0
0
0
0
0
0
