0
0
0
0
0
0
0
0
0
0
645
0
0
0
0
0
0
0
0
0
0
0
0
0
0
0
0
0
0
0
0
0
1425
4
480
5
0
0
27
2
48
47
3
0
206
354
730
1201
33
79
83
10
13
9
37
6
21
79
213
4
1127
241
1127
3
8
61
34
150
44
48
57
50
23
96
31
19
36
76
28
19
88
15
50
88
54
19
32
48
3
4
19
0
0
0
0
10
0
1283
290
639
582
1504
419
315
772
1147
48
124
547
552
758
925
686
32
1076
949
1140
402
116
513
46
141
42
0
0
0
82
0
0
0
0
0
0
0
0
0
0
0
0
0
0
0
0
0
0
0
0
0
0
0
0
0
0
0
0
0
0
0
0
0
0
0
0
0
0
0
0
0
0
0
0
0
0
0
0
0
0
0
0
0
0
0
0
0
0
0
0
0
0
0
0
0
0
0
0
0
0
0
0
0
0
0
0
0
0
0
0
0
0
0
0
0
0
0
0
0
0
0
0
0
0
0
0
0
0
0
0
0
0
0
0
0
0
0
0
0
0
0
0
0
0
0
0
0
0
0
0
0
0
0
0
0
1
0
0
0
