0
0
0
0
0
0
0
0
0
563
431
0
0
0
0
0
0
0
0
0
0
0
0
0
0
0
0
0
0
0
0
0
2213
18
9
9
4
0
64
159
168
168
290
98
61
51
29
126
80
46
17
13
13
9
7
11
3
21
38
170
23
177
48
2
0
19
12
13
33
29
46
8
12
16
0
10
98
7
41
32
13
22
19
54
26
50
1
3
2
0
3
10
36
10
0
65
1
260
61
169
267
757
390
72
121
601
0
33
467
91
316
183
99
16
374
315
353
151
21
20
52
9
22
38
24
38
0
0
0
0
0
0
0
0
0
0
0
0
0
0
0
0
0
0
0
0
0
0
0
0
0
0
0
0
0
0
0
0
0
0
0
0
0
0
0
0
0
0
0
0
0
0
0
0
0
0
0
0
0
0
0
0
0
0
0
0
0
0
0
0
0
0
0
0
0
0
0
0
0
0
0
0
0
0
0
0
0
0
0
0
0
0
0
0
0
0
0
0
0
0
0
0
0
0
0
0
0
0
0
0
0
0
0
0
0
0
0
0
0
0
0
0
0
0
0
0
0
0
0
0
0
0
0
0
0
0
