0
0
0
0
0
0
0
0
0
0
94
0
0
0
0
0
0
0
0
0
0
0
0
0
0
0
0
0
0
0
0
0
802
0
4
5
162
1
2
4
216
216
8
4
1
72
3
6
1
14
11
4
3
3
1
1
2
1
5
5
0
0
42
3
2
25
5
5
1
0
0
0
0
4
0
1
11
1
18
3
34
2
1
15
0
0
19
1
0
2
0
0
0
0
0
0
0
87
64
76
50
279
31
38
32
87
49
6
78
36
163
123
52
0
120
155
174
88
29
18
7
22
2
1
0
1
7
0
0
0
0
0
0
0
0
0
0
0
0
0
0
0
0
0
0
0
0
0
0
0
0
0
0
0
0
0
0
0
0
0
0
0
0
0
0
0
0
0
0
0
0
0
0
0
0
0
0
0
0
0
0
0
0
0
0
0
0
0
0
0
0
0
0
0
0
0
0
0
0
0
0
0
0
0
0
0
0
0
0
0
0
0
0
0
0
0
0
0
0
0
0
0
0
0
0
0
0
0
0
0
0
0
0
0
0
0
0
0
0
0
0
0
0
0
0
0
0
0
0
0
0
0
0
0
0
0
