456318
82666
27605
159611
3877
59058
1887
989
1265
79264
885
939
946
877
885
1531
1052
928
907
1062
869
843
840
847
842
869
912
907
923
869
916
921
843
823
818
853
1048
818
814
918
865
818
823
812
813
814
813
815
855
1093
877
838
832
836
831
828
827
833
815
817
821
812
814
819
902
908
881
826
829
830
819
825
823
816
814
815
813
813
826
827
851
969
829
812
825
811
812
810
814
813
692
579
582
580
585
659
602
597
1157
579
581
582
579
579
583
579
583
580
580
585
580
580
595
580
580
578
577
605
577
577
581
582
577
576
583
578
578
577
603
576
577
576
580
577
577
577
677
578
579
578
579
577
576
577
585
577
576
576
584
577
576
576
584
576
578
576
609
576
576
576
819
576
576
576
583
576
576
576
583
576
576
576
576
576
576
613
579
577
577
578
577
577
577
581
648
578
576
578
580
579
578
579
584
578
578
616
584
578
578
579
615
579
579
579
579
578
578
578
624
577
578
576
578
577
586
578
586
578
580
576
591
579
578
578
577
577
580
577
229
229
228
228
257
230
251
230
230
230
229
230
235
237
245
236
238
232
230
230
233
232
229
230
230
243
228
230
