0
0
0
0
0
0
0
0
0
0
7519
0
0
7519
0
0
0
0
0
0
0
0
0
0
0
0
0
0
0
0
0
0
67231
1
90
0
28
0
6
289
411
570
982
7444
3702
1281
2479
25
722
396
386
251
167
219
161
199
135
245
322
175
0
0
0
94
30
1456
439
1292
608
1162
401
320
474
1091
125
113
908
879
724
755
686
42
842
1092
1146
291
102
359
77
211
55
6
0
6
0
0
0
24461
4161
12055
11296
37722
6699
6427
13046
23823
455
1650
12103
7670
22405
24523
7048
441
20530
20560
29390
8270
3289
4231
1276
4251
231
0
0
0
0
0
0
0
0
0
0
0
0
0
0
0
0
0
0
0
0
0
0
0
0
0
0
0
0
0
0
0
0
0
0
0
0
0
0
0
0
0
0
0
0
0
0
0
0
0
0
0
0
0
0
0
0
0
0
0
0
0
0
0
0
0
0
0
0
0
0
0
0
0
0
0
0
0
0
0
0
0
0
0
0
0
0
0
0
0
0
0
0
0
0
0
0
0
0
0
0
0
0
0
0
0
0
0
0
0
0
0
0
0
0
0
0
0
0
0
0
0
0
0
0
0
0
0
0
0
0
0
0
0
