86
0.061131
0.057920
0.052148
0.048815
0.046620
0.046336
0.045807
0.045807
0.043735
0.038573
0.037597
0.031378
0.030809
0.029671
0.027883
0.026216
0.025972
0.023656
0.022436
0.022233
0.020851
0.019510
0.017030
0.016339
0.014388
0.012803
0.011787
0.009796
0.008657
0.008373
0.006097
0.005731
0.005040
0.004715
0.003902
0.003577
0.003577
0.003374
0.003333
0.003211
0.003211
0.003089
0.002479
0.002317
0.002195
0.002032
0.002032
0.001951
0.001951
0.001951
0.001951
0.001910
0.001870
0.001788
0.001707
0.001504
0.001463
0.001382
0.001341
0.001301
0.001301
0.001260
0.001138
0.001097
0.000935
0.000854
0.000772
0.000772
0.000772
0.000772
0.000610
0.000528
0.000406
0.000406
0.000366
0.000325
0.000244
0.000203
0.000163
0.000163
0.000163
0.000122
0.000122
0.000122
0.000081
0.000041
