0
0
0
0
0
0
0
0
0
0
10699
0
0
10699
0
0
0
0
0
0
0
0
0
0
0
0
2
0
0
0
0
0
81727
267
59
0
9
0
0
610
66
67
6
0
10253
596
1303
0
23
15
5
2
5
3
6
1
6
12
773
2327
0
0
0
322
0
1732
687
410
403
493
668
482
1295
1248
64
57
274
602
407
1148
376
8
211
1140
2178
160
73
996
5
100
8
1
0
1
0
0
0
24823
4721
7349
16854
45114
8070
7269
23690
22350
405
1997
15082
8306
24692
26309
5818
246
22813
23018
29794
10776
3775
7742
463
5117
178
0
0
0
0
0
0
0
0
0
0
0
0
0
0
0
0
0
0
0
0
0
0
0
0
0
0
0
0
0
0
0
0
0
0
0
0
0
0
0
0
0
0
0
0
0
0
0
0
0
0
0
0
0
0
0
0
0
0
0
0
0
0
0
0
0
0
0
0
0
0
0
0
0
0
0
0
0
0
0
0
0
0
0
0
0
0
0
0
0
0
0
0
0
0
0
0
0
0
0
0
0
0
0
0
0
0
0
0
0
0
0
0
0
0
0
0
0
0
0
0
0
0
0
0
0
0
0
0
0
0
0
0
0
