447139
2018
46
2256
53
4
96
2770
47
5
0
1
107
8
924
4088
44
6
0
7
1
0
0
2
115
14
0
4
301
16
1619
2901
43
2
1
6
0
0
0
6
1
0
0
0
0
0
0
2
92
7
2
21
0
0
1
7
229
23
0
15
1141
33
1597
2124
58
5
0
6
0
0
0
9
0
0
0
0
1
0
0
13
0
0
0
1
0
0
0
0
0
1
0
0
0
1
0
3
118
6
0
10
1
0
0
23
0
0
0
0
1
0
0
9
166
22
1
23
0
0
0
15
949
141
2
44
1169
81
737
1504
2356
194
7
329
3
1
10
555
8
0
0
1
7
0
16
611
3
1
0
1
0
0
0
0
9
1
0
1
23
0
120
560
0
0
0
0
0
0
0
0
0
0
0
0
0
0
0
0
1
3
0
1
0
0
0
0
7
8
0
0
33
1
65
311
2478
405
2
570
2
0
12
715
4
1
0
1
13
0
39
695
1
2
0
0
0
0
0
0
8
3
0
4
12
3
54
334
2531
664
3
853
4
1
11
758
1
1
0
0
7
1
14
414
2739
861
4
783
4
0
3
355
2292
653
1
324
1781
285
1506
10692
