12258
560
572
209
233
134
104
88
137
41
94
37
70
27
14
18
273
208
194
79
31
47
29
19
98
40
25
16
29
13
24
26
648
113
86
20
96
138
19
27
45
26
65
16
666
99
147
107
580
759
622
538
322
169
335
449
281
146
853
800
34
300
9
41
218
40
27
82
363
86
51
46
70
53
27
9
57
32
37
51
67
10
39
59
97
30
9
5
26
7
10
6
16
5
11
754
58
469
128
327
396
626
179
301
115
527
3
48
472
241
529
577
270
28
575
635
1076
284
124
24
95
106
26
7
8
4
6
19
666
43
6
7
22
9
8
6
14
162
6
5
10
4
7
8
165
31
67
8
42
7
17
10
26
5
12
9
20
23
6
11
55
25
117
10
40
2
31
12
24
5
11
6
14
8
9
4
43
11
5
2
21
11
8
6
23
8
3
4
59
8
6
68
67
5
12
8
21
4
4
23
9
9
8
2
12
4
3
5
171
3
50
2
34
6
18
6
28
5
2
6
35
3
3
4
67
13
13
22
22
5
8
6
43
3
9
0
28
6
4
5
32
29
3
6
18
10
6
10
28
7
7
4
17
11
5
134
