0
0
0
0
0
0
0
0
0
0
112
0
0
0
0
0
0
0
0
0
0
0
0
0
0
0
0
0
0
0
0
0
550
0
33
0
0
0
0
3
11
11
2
0
33
139
78
2
6
15
8
1
1
5
1
1
0
0
1
3
0
12
0
0
0
4
14
1
2
5
3
3
5
48
0
0
5
1
7
6
31
0
23
15
20
7
0
0
1
2
0
34
132
34
0
1
3
226
32
98
100
314
124
51
92
206
0
15
120
116
226
169
68
4
177
208
241
82
13
24
62
20
2
1
0
1
0
0
0
0
0
0
0
0
0
0
0
0
0
0
0
0
0
0
0
0
0
0
0
0
0
0
0
0
0
0
0
0
0
0
0
0
0
0
0
0
0
0
0
0
0
0
0
0
0
0
0
0
0
0
0
0
0
0
0
0
0
0
0
0
0
0
0
0
0
0
0
0
0
0
0
0
0
0
0
0
0
0
0
0
0
0
0
0
0
0
0
0
0
0
0
0
0
0
0
0
0
0
0
0
0
0
0
0
0
0
0
0
0
0
0
0
0
0
0
0
0
0
0
0
0
0
0
0
0
0
